a 1 56 53 1
a 2 56 52 1
a 3 56 55 1
a 4 56 54 1
a 0 52 1 0.141909
a 0 53 2 0.167158
a 0 54 3 0.290515
a 0 55 4 0.262132
a 0 54 1 0.103184
a 0 53 4 0.0351011
a 5 57 53 1
a 6 57 52 1
a 7 57 55 1
a 8 57 54 1
a 56 52 5 0.164538
a 56 53 6 0.242958
a 56 54 7 0.230262
a 56 55 8 0.223521
a 56 54 5 0.0655505
a 56 53 8 0.0731707
a 57 52 5 0.150763
a 57 53 6 0.161894
a 57 54 7 0.167242
a 57 55 8 0.127368
a 57 54 5 0.0486728
a 57 53 8 0.0435947
a 9 51 51 1
a 10 51 9 1
a 11 51 10 1
a 12 51 11 1
a 13 51 12 1
a 14 51 13 1
a 57 0 51 0.0110439
a 57 0 9 0.0051323
a 57 0 10 0.000615687
a 57 0 11 0.00569224
a 15 0 51 1
a 16 0 9 1
a 17 0 10 1
a 18 0 11 1
a 19 0 12 1
a 20 0 13 1
a 21 0 14 1
a 57 51 0 0.0122415
a 57 51 15 0.0854528
a 57 51 16 0.00250187
a 57 51 17 2.98257e-05
a 57 51 18 0.000846187
a 57 51 19 0.00261881
a 22 51 0 1
a 23 51 15 1
a 24 51 16 1
a 25 51 17 1
a 26 51 18 1
a 27 51 19 1
a 28 51 20 1
a 29 51 21 1
a 57 51 22 0.00315675
a 57 51 23 0.0114791
a 57 51 24 0.046721
a 57 51 25 0.0036776
a 57 51 27 0.00495394
a 30 51 22 1
a 31 51 23 1
a 32 51 24 1
a 33 51 25 1
a 34 51 26 1
a 35 51 27 1
a 36 51 28 1
a 37 51 29 1
a 57 51 31 0.000866124
a 57 51 32 0.00380818
a 57 51 33 0.0186728
a 57 51 34 0.00215887
a 57 51 36 1.69642e-05
a 57 51 37 0.00120985
a 38 51 30 1
a 39 51 31 1
a 40 51 32 1
a 41 51 33 1
a 42 51 34 1
a 57 51 38 0.0039838
a 57 51 39 2.86989e-05
a 57 51 40 0.00372537
a 57 51 41 0.000848688
a 57 51 42 0.0146887
a 43 51 40 1
a 44 51 41 1
a 57 51 43 0.000554279
a 57 51 44 0.00310343
a 45 51 44 1
a 46 51 45 1
a 57 51 46 0.00173412
a 47 51 14 1
a 48 51 47 1
a 49 51 48 1
a 50 51 49 1
a 57 51 10 0.00944699
a 57 51 11 0.00339782
a 57 51 14 0.000257757
a 57 51 47 0.00917729
a 57 51 48 0.00520952
a 57 51 49 0.0085935
a 57 51 50 0.0128164
b 51 0 0.243964
b 51 1 0.322421
b 51 2 0.211262
b 51 3 0.222352
b 52 0 1
b 53 1 1
b 54 2 1
b 55 3 1
