a 1 56 53 1.0
a 2 56 52 1.0
a 3 56 55 1.0
a 4 56 54 1.0
a 0 52 1 0.16531
a 0 53 2 0.175408
a 0 54 3 0.283119
a 0 55 4 0.239754
a 0 54 1 0.0900888
a 0 53 4 0.0463196
a 5 57 53 1.0
a 6 57 52 1.0
a 7 57 55 1.0
a 8 57 54 1.0
a 56 52 5 0.163286
a 56 53 6 0.215612
a 56 54 7 0.247221
a 56 55 8 0.218154
a 56 54 5 0.0622263
a 56 53 8 0.0935001
a 57 52 5 0.137431
a 57 53 6 0.199517
a 57 54 7 0.16107
a 57 55 8 0.117572
a 57 54 5 0.0487999
a 57 53 8 0.0369528
a 9 51 51 1.0
a 10 51 9 1.0
a 11 51 10 1.0
a 12 51 11 1.0
a 13 51 12 1.0
a 14 51 13 1.0
a 57 0 51 0.0106842
a 57 0 9 0.004469
a 57 0 10 0.00489425
a 57 0 11 0.00142006
a 15 0 51 1.0
a 16 0 9  1.0
a 17 0 10 1.0
a 18 0 11 1.0
a 19 0 12 1.0
a 20 0 13 1.0
a 21 0 14 1.0
a 57 51 0 0.0254778
a 57 51 15 0.0785922
a 57 51 16 0.00663147
a 57 51 17 0.00207672
a 57 51 18 0.00126085
a 57 51 19 0.00223808
a 22 51 0  1.0
a 23 51 15 1.0
a 24 51 16 1.0
a 25 51 17 1.0
a 26 51 18 1.0
a 27 51 19 1.0
a 28 51 20 1.0
a 29 51 21 1.0
a 57 51 22 0.00392698
a 57 51 23 0.00652176
a 57 51 24 0.0425387
a 57 51 25 0.00297298
a 57 51 26 0.00010495
a 57 51 27 0.00199444
a 57 51 28 2.20484e-05
a 30 51 22 1.0
a 31 51 23 1.0
a 32 51 24 1.0
a 33 51 25 1.0
a 34 51 26 1.0
a 35 51 27 1.0
a 36 51 28 1.0
a 37 51 29 1.0
a 57 51 30 0.00399785
a 57 51 31 0.00296341
a 57 51 32 0.00515331
a 57 51 33 0.0111759
a 57 51 34 0.00622887
a 57 51 35 0.000439265
a 57 51 36 0.00144498
a 57 51 37 0.00591913
a 38 51 30 1.0
a 39 51 31 1.0
a 40 51 32 1.0
a 41 51 33 1.0
a 42 51 34 1.0
a 57 51 38 0.00298514
a 57 51 39 0.000725827
a 57 51 40 0.000311261
a 57 51 41 0.00100645
a 57 51 42 0.00847058
a 43 51 40 1.0
a 44 51 41 1.0
a 57 51 43 0.00164463
a 57 51 44 0.000900785
a 45 51 44 1.0
a 46 51 45 1.0
a 57 51 46 0.000196116
a 47 51 14 1.0
a 48 51 47 1.0
a 49 51 48 1.0
a 50 51 49 1.0
a 57 51 10 0.00528037
a 57 51 11 0.00178121
a 57 51 12 0.000251826
a 57 51 13 0.00137974
a 57 51 14 0.00510201
a 57 51 47 0.00613261
a 57 51 48 0.0112159
a 57 51 49 0.0100048
a 57 51 50 0.00811848
b 51 0 0.256107
b 51 1 0.299346
b 51 2 0.216597
b 51 3 0.22795
b 52 0 1.0
b 53 1 1.0
b 54 2 1.0
b 55 3 1.0